# x         y        im.real       im.imag
0.000000e+00 0.000000e+00 1.000000e+00 0.000000e+00
3.333333e-07 0.000000e+00 1.000000e+00 0.000000e+00
6.666667e-07 0.000000e+00 1.000000e+00 0.000000e+00
1.000000e-06 0.000000e+00 1.000000e+00 0.000000e+00
1.333333e-06 0.000000e+00 1.000000e+00 0.000000e+00
1.666667e-06 0.000000e+00 1.000000e+00 0.000000e+00
2.000000e-06 0.000000e+00 1.000000e+00 0.000000e+00
2.333333e-06 0.000000e+00 1.000000e+00 0.000000e+00
2.666667e-06 0.000000e+00 1.000000e+00 0.000000e+00
3.000000e-06 0.000000e+00 1.000000e+00 0.000000e+00
3.333333e-06 0.000000e+00 1.000000e+00 0.000000e+00
3.666667e-06 0.000000e+00 1.000000e+00 0.000000e+00
4.000000e-06 0.000000e+00 1.000000e+00 0.000000e+00
4.333333e-06 0.000000e+00 1.000000e+00 0.000000e+00
4.666667e-06 0.000000e+00 1.000000e+00 0.000000e+00
5.000000e-06 0.000000e+00 1.000000e+00 0.000000e+00
5.333333e-06 0.000000e+00 1.000000e+00 0.000000e+00
5.666667e-06 0.000000e+00 1.000000e+00 0.000000e+00
6.000000e-06 0.000000e+00 1.000000e+00 0.000000e+00
6.333333e-06 0.000000e+00 1.000000e+00 0.000000e+00
6.666667e-06 0.000000e+00 1.000000e+00 0.000000e+00
7.000000e-06 0.000000e+00 1.000000e+00 0.000000e+00
7.333333e-06 0.000000e+00 1.000000e+00 0.000000e+00
7.666667e-06 0.000000e+00 1.000000e+00 0.000000e+00
8.000000e-06 0.000000e+00 1.000000e+00 0.000000e+00
8.333333e-06 0.000000e+00 1.000000e+00 0.000000e+00
8.666667e-06 0.000000e+00 1.000000e+00 0.000000e+00
9.000000e-06 0.000000e+00 1.000000e+00 0.000000e+00
9.333333e-06 0.000000e+00 1.000000e+00 0.000000e+00
9.666667e-06 0.000000e+00 1.000000e+00 0.000000e+00

0.000000e+00 4.000000e-07 1.000000e+00 0.000000e+00
3.333333e-07 4.000000e-07 1.000000e+00 0.000000e+00
6.666667e-07 4.000000e-07 1.000000e+00 0.000000e+00
1.000000e-06 4.000000e-07 1.000000e+00 0.000000e+00
1.333333e-06 4.000000e-07 1.000000e+00 0.000000e+00
1.666667e-06 4.000000e-07 1.000000e+00 0.000000e+00
2.000000e-06 4.000000e-07 1.000000e+00 0.000000e+00
2.333333e-06 4.000000e-07 1.000000e+00 0.000000e+00
2.666667e-06 4.000000e-07 1.000000e+00 0.000000e+00
3.000000e-06 4.000000e-07 1.000000e+00 0.000000e+00
3.333333e-06 4.000000e-07 1.000000e+00 0.000000e+00
3.666667e-06 4.000000e-07 1.000000e+00 0.000000e+00
4.000000e-06 4.000000e-07 1.000000e+00 0.000000e+00
4.333333e-06 4.000000e-07 1.000000e+00 0.000000e+00
4.666667e-06 4.000000e-07 1.000000e+00 0.000000e+00
5.000000e-06 4.000000e-07 1.000000e+00 0.000000e+00
5.333333e-06 4.000000e-07 1.000000e+00 0.000000e+00
5.666667e-06 4.000000e-07 1.000000e+00 0.000000e+00
6.000000e-06 4.000000e-07 1.000000e+00 0.000000e+00
6.333333e-06 4.000000e-07 1.000000e+00 0.000000e+00
6.666667e-06 4.000000e-07 1.000000e+00 0.000000e+00
7.000000e-06 4.000000e-07 1.000000e+00 0.000000e+00
7.333333e-06 4.000000e-07 1.000000e+00 0.000000e+00
7.666667e-06 4.000000e-07 1.000000e+00 0.000000e+00
8.000000e-06 4.000000e-07 1.000000e+00 0.000000e+00
8.333333e-06 4.000000e-07 1.000000e+00 0.000000e+00
8.666667e-06 4.000000e-07 1.000000e+00 0.000000e+00
9.000000e-06 4.000000e-07 1.000000e+00 0.000000e+00
9.333333e-06 4.000000e-07 1.000000e+00 0.000000e+00
9.666667e-06 4.000000e-07 1.000000e+00 0.000000e+00

0.000000e+00 8.000000e-07 1.000000e+00 0.000000e+00
3.333333e-07 8.000000e-07 1.000000e+00 0.000000e+00
6.666667e-07 8.000000e-07 1.000000e+00 0.000000e+00
1.000000e-06 8.000000e-07 1.000000e+00 0.000000e+00
1.333333e-06 8.000000e-07 1.000000e+00 0.000000e+00
1.666667e-06 8.000000e-07 1.000000e+00 0.000000e+00
2.000000e-06 8.000000e-07 1.000000e+00 0.000000e+00
2.333333e-06 8.000000e-07 1.000000e+00 0.000000e+00
2.666667e-06 8.000000e-07 1.000000e+00 0.000000e+00
3.000000e-06 8.000000e-07 1.000000e+00 0.000000e+00
3.333333e-06 8.000000e-07 1.000000e+00 0.000000e+00
3.666667e-06 8.000000e-07 1.000000e+00 0.000000e+00
4.000000e-06 8.000000e-07 1.000000e+00 0.000000e+00
4.333333e-06 8.000000e-07 1.000000e+00 0.000000e+00
4.666667e-06 8.000000e-07 1.000000e+00 0.000000e+00
5.000000e-06 8.000000e-07 1.000000e+00 0.000000e+00
5.333333e-06 8.000000e-07 1.000000e+00 0.000000e+00
5.666667e-06 8.000000e-07 1.000000e+00 0.000000e+00
6.000000e-06 8.000000e-07 1.000000e+00 0.000000e+00
6.333333e-06 8.000000e-07 1.000000e+00 0.000000e+00
6.666667e-06 8.000000e-07 1.000000e+00 0.000000e+00
7.000000e-06 8.000000e-07 1.000000e+00 0.000000e+00
7.333333e-06 8.000000e-07 1.000000e+00 0.000000e+00
7.666667e-06 8.000000e-07 1.000000e+00 0.000000e+00
8.000000e-06 8.000000e-07 1.000000e+00 0.000000e+00
8.333333e-06 8.000000e-07 1.000000e+00 0.000000e+00
8.666667e-06 8.000000e-07 1.000000e+00 0.000000e+00
9.000000e-06 8.000000e-07 1.000000e+00 0.000000e+00
9.333333e-06 8.000000e-07 1.000000e+00 0.000000e+00
9.666667e-06 8.000000e-07 1.000000e+00 0.000000e+00

0.000000e+00 1.200000e-06 1.000000e+00 0.000000e+00
3.333333e-07 1.200000e-06 1.000000e+00 0.000000e+00
6.666667e-07 1.200000e-06 1.000000e+00 0.000000e+00
1.000000e-06 1.200000e-06 1.000000e+00 0.000000e+00
1.333333e-06 1.200000e-06 1.000000e+00 0.000000e+00
1.666667e-06 1.200000e-06 1.000000e+00 0.000000e+00
2.000000e-06 1.200000e-06 1.000000e+00 0.000000e+00
2.333333e-06 1.200000e-06 1.000000e+00 0.000000e+00
2.666667e-06 1.200000e-06 1.000000e+00 0.000000e+00
3.000000e-06 1.200000e-06 1.000000e+00 0.000000e+00
3.333333e-06 1.200000e-06 1.000000e+00 0.000000e+00
3.666667e-06 1.200000e-06 1.000000e+00 0.000000e+00
4.000000e-06 1.200000e-06 1.000000e+00 0.000000e+00
4.333333e-06 1.200000e-06 1.000000e+00 0.000000e+00
4.666667e-06 1.200000e-06 1.000000e+00 0.000000e+00
5.000000e-06 1.200000e-06 1.000000e+00 0.000000e+00
5.333333e-06 1.200000e-06 1.000000e+00 0.000000e+00
5.666667e-06 1.200000e-06 1.000000e+00 0.000000e+00
6.000000e-06 1.200000e-06 1.000000e+00 0.000000e+00
6.333333e-06 1.200000e-06 1.000000e+00 0.000000e+00
6.666667e-06 1.200000e-06 1.000000e+00 0.000000e+00
7.000000e-06 1.200000e-06 1.000000e+00 0.000000e+00
7.333333e-06 1.200000e-06 1.000000e+00 0.000000e+00
7.666667e-06 1.200000e-06 1.000000e+00 0.000000e+00
8.000000e-06 1.200000e-06 1.000000e+00 0.000000e+00
8.333333e-06 1.200000e-06 1.000000e+00 0.000000e+00
8.666667e-06 1.200000e-06 1.000000e+00 0.000000e+00
9.000000e-06 1.200000e-06 1.000000e+00 0.000000e+00
9.333333e-06 1.200000e-06 1.000000e+00 0.000000e+00
9.666667e-06 1.200000e-06 1.000000e+00 0.000000e+00

0.000000e+00 1.600000e-06 1.000000e+00 0.000000e+00
3.333333e-07 1.600000e-06 1.000000e+00 0.000000e+00
6.666667e-07 1.600000e-06 1.000000e+00 0.000000e+00
1.000000e-06 1.600000e-06 1.000000e+00 0.000000e+00
1.333333e-06 1.600000e-06 1.000000e+00 0.000000e+00
1.666667e-06 1.600000e-06 1.000000e+00 0.000000e+00
2.000000e-06 1.600000e-06 1.000000e+00 0.000000e+00
2.333333e-06 1.600000e-06 1.000000e+00 0.000000e+00
2.666667e-06 1.600000e-06 1.000000e+00 0.000000e+00
3.000000e-06 1.600000e-06 1.000000e+00 0.000000e+00
3.333333e-06 1.600000e-06 1.000000e+00 0.000000e+00
3.666667e-06 1.600000e-06 1.000000e+00 0.000000e+00
4.000000e-06 1.600000e-06 1.000000e+00 0.000000e+00
4.333333e-06 1.600000e-06 1.000000e+00 0.000000e+00
4.666667e-06 1.600000e-06 1.000000e+00 0.000000e+00
5.000000e-06 1.600000e-06 1.000000e+00 0.000000e+00
5.333333e-06 1.600000e-06 1.000000e+00 0.000000e+00
5.666667e-06 1.600000e-06 1.000000e+00 0.000000e+00
6.000000e-06 1.600000e-06 1.000000e+00 0.000000e+00
6.333333e-06 1.600000e-06 1.000000e+00 0.000000e+00
6.666667e-06 1.600000e-06 1.000000e+00 0.000000e+00
7.000000e-06 1.600000e-06 1.000000e+00 0.000000e+00
7.333333e-06 1.600000e-06 1.000000e+00 0.000000e+00
7.666667e-06 1.600000e-06 1.000000e+00 0.000000e+00
8.000000e-06 1.600000e-06 1.000000e+00 0.000000e+00
8.333333e-06 1.600000e-06 1.000000e+00 0.000000e+00
8.666667e-06 1.600000e-06 1.000000e+00 0.000000e+00
9.000000e-06 1.600000e-06 1.000000e+00 0.000000e+00
9.333333e-06 1.600000e-06 1.000000e+00 0.000000e+00
9.666667e-06 1.600000e-06 1.000000e+00 0.000000e+00

0.000000e+00 2.000000e-06 1.000000e+00 0.000000e+00
3.333333e-07 2.000000e-06 1.000000e+00 0.000000e+00
6.666667e-07 2.000000e-06 1.000000e+00 0.000000e+00
1.000000e-06 2.000000e-06 1.000000e+00 0.000000e+00
1.333333e-06 2.000000e-06 1.000000e+00 0.000000e+00
1.666667e-06 2.000000e-06 1.000000e+00 0.000000e+00
2.000000e-06 2.000000e-06 1.000000e+00 0.000000e+00
2.333333e-06 2.000000e-06 1.000000e+00 0.000000e+00
2.666667e-06 2.000000e-06 1.000000e+00 0.000000e+00
3.000000e-06 2.000000e-06 1.000000e+00 0.000000e+00
3.333333e-06 2.000000e-06 1.000000e+00 0.000000e+00
3.666667e-06 2.000000e-06 1.000000e+00 0.000000e+00
4.000000e-06 2.000000e-06 1.000000e+00 0.000000e+00
4.333333e-06 2.000000e-06 1.000000e+00 0.000000e+00
4.666667e-06 2.000000e-06 1.000000e+00 0.000000e+00
5.000000e-06 2.000000e-06 1.000000e+00 0.000000e+00
5.333333e-06 2.000000e-06 1.000000e+00 0.000000e+00
5.666667e-06 2.000000e-06 1.000000e+00 0.000000e+00
6.000000e-06 2.000000e-06 1.000000e+00 0.000000e+00
6.333333e-06 2.000000e-06 1.000000e+00 0.000000e+00
6.666667e-06 2.000000e-06 1.000000e+00 0.000000e+00
7.000000e-06 2.000000e-06 1.000000e+00 0.000000e+00
7.333333e-06 2.000000e-06 1.000000e+00 0.000000e+00
7.666667e-06 2.000000e-06 1.000000e+00 0.000000e+00
8.000000e-06 2.000000e-06 1.000000e+00 0.000000e+00
8.333333e-06 2.000000e-06 1.000000e+00 0.000000e+00
8.666667e-06 2.000000e-06 1.000000e+00 0.000000e+00
9.000000e-06 2.000000e-06 1.000000e+00 0.000000e+00
9.333333e-06 2.000000e-06 1.000000e+00 0.000000e+00
9.666667e-06 2.000000e-06 1.000000e+00 0.000000e+00

0.000000e+00 2.400000e-06 1.000000e+00 0.000000e+00
3.333333e-07 2.400000e-06 1.000000e+00 0.000000e+00
6.666667e-07 2.400000e-06 1.000000e+00 0.000000e+00
1.000000e-06 2.400000e-06 1.000000e+00 0.000000e+00
1.333333e-06 2.400000e-06 1.000000e+00 0.000000e+00
1.666667e-06 2.400000e-06 1.000000e+00 0.000000e+00
2.000000e-06 2.400000e-06 1.000000e+00 0.000000e+00
2.333333e-06 2.400000e-06 1.000000e+00 0.000000e+00
2.666667e-06 2.400000e-06 1.000000e+00 0.000000e+00
3.000000e-06 2.400000e-06 1.000000e+00 0.000000e+00
3.333333e-06 2.400000e-06 1.000000e+00 0.000000e+00
3.666667e-06 2.400000e-06 1.000000e+00 0.000000e+00
4.000000e-06 2.400000e-06 1.000000e+00 0.000000e+00
4.333333e-06 2.400000e-06 1.000000e+00 0.000000e+00
4.666667e-06 2.400000e-06 1.000000e+00 0.000000e+00
5.000000e-06 2.400000e-06 1.000000e+00 0.000000e+00
5.333333e-06 2.400000e-06 1.000000e+00 0.000000e+00
5.666667e-06 2.400000e-06 1.000000e+00 0.000000e+00
6.000000e-06 2.400000e-06 1.000000e+00 0.000000e+00
6.333333e-06 2.400000e-06 1.000000e+00 0.000000e+00
6.666667e-06 2.400000e-06 1.000000e+00 0.000000e+00
7.000000e-06 2.400000e-06 1.000000e+00 0.000000e+00
7.333333e-06 2.400000e-06 1.000000e+00 0.000000e+00
7.666667e-06 2.400000e-06 1.000000e+00 0.000000e+00
8.000000e-06 2.400000e-06 1.000000e+00 0.000000e+00
8.333333e-06 2.400000e-06 1.000000e+00 0.000000e+00
8.666667e-06 2.400000e-06 1.000000e+00 0.000000e+00
9.000000e-06 2.400000e-06 1.000000e+00 0.000000e+00
9.333333e-06 2.400000e-06 1.000000e+00 0.000000e+00
9.666667e-06 2.400000e-06 1.000000e+00 0.000000e+00

0.000000e+00 2.800000e-06 1.000000e+00 0.000000e+00
3.333333e-07 2.800000e-06 1.000000e+00 0.000000e+00
6.666667e-07 2.800000e-06 1.000000e+00 0.000000e+00
1.000000e-06 2.800000e-06 1.000000e+00 0.000000e+00
1.333333e-06 2.800000e-06 1.000000e+00 0.000000e+00
1.666667e-06 2.800000e-06 1.000000e+00 0.000000e+00
2.000000e-06 2.800000e-06 1.000000e+00 0.000000e+00
2.333333e-06 2.800000e-06 1.000000e+00 0.000000e+00
2.666667e-06 2.800000e-06 1.000000e+00 0.000000e+00
3.000000e-06 2.800000e-06 1.000000e+00 0.000000e+00
3.333333e-06 2.800000e-06 1.000000e+00 0.000000e+00
3.666667e-06 2.800000e-06 1.000000e+00 0.000000e+00
4.000000e-06 2.800000e-06 1.000000e+00 0.000000e+00
4.333333e-06 2.800000e-06 1.000000e+00 0.000000e+00
4.666667e-06 2.800000e-06 1.000000e+00 0.000000e+00
5.000000e-06 2.800000e-06 1.000000e+00 0.000000e+00
5.333333e-06 2.800000e-06 1.000000e+00 0.000000e+00
5.666667e-06 2.800000e-06 1.000000e+00 0.000000e+00
6.000000e-06 2.800000e-06 1.000000e+00 0.000000e+00
6.333333e-06 2.800000e-06 1.000000e+00 0.000000e+00
6.666667e-06 2.800000e-06 1.000000e+00 0.000000e+00
7.000000e-06 2.800000e-06 1.000000e+00 0.000000e+00
7.333333e-06 2.800000e-06 1.000000e+00 0.000000e+00
7.666667e-06 2.800000e-06 1.000000e+00 0.000000e+00
8.000000e-06 2.800000e-06 1.000000e+00 0.000000e+00
8.333333e-06 2.800000e-06 1.000000e+00 0.000000e+00
8.666667e-06 2.800000e-06 1.000000e+00 0.000000e+00
9.000000e-06 2.800000e-06 1.000000e+00 0.000000e+00
9.333333e-06 2.800000e-06 1.000000e+00 0.000000e+00
9.666667e-06 2.800000e-06 1.000000e+00 0.000000e+00

0.000000e+00 3.200000e-06 1.000000e+00 0.000000e+00
3.333333e-07 3.200000e-06 1.000000e+00 0.000000e+00
6.666667e-07 3.200000e-06 1.000000e+00 0.000000e+00
1.000000e-06 3.200000e-06 1.000000e+00 0.000000e+00
1.333333e-06 3.200000e-06 1.000000e+00 0.000000e+00
1.666667e-06 3.200000e-06 1.000000e+00 0.000000e+00
2.000000e-06 3.200000e-06 1.000000e+00 0.000000e+00
2.333333e-06 3.200000e-06 1.000000e+00 0.000000e+00
2.666667e-06 3.200000e-06 1.000000e+00 0.000000e+00
3.000000e-06 3.200000e-06 1.000000e+00 0.000000e+00
3.333333e-06 3.200000e-06 1.000000e+00 0.000000e+00
3.666667e-06 3.200000e-06 1.000000e+00 0.000000e+00
4.000000e-06 3.200000e-06 1.000000e+00 0.000000e+00
4.333333e-06 3.200000e-06 1.000000e+00 0.000000e+00
4.666667e-06 3.200000e-06 1.000000e+00 0.000000e+00
5.000000e-06 3.200000e-06 1.000000e+00 0.000000e+00
5.333333e-06 3.200000e-06 1.000000e+00 0.000000e+00
5.666667e-06 3.200000e-06 1.000000e+00 0.000000e+00
6.000000e-06 3.200000e-06 1.000000e+00 0.000000e+00
6.333333e-06 3.200000e-06 1.000000e+00 0.000000e+00
6.666667e-06 3.200000e-06 1.000000e+00 0.000000e+00
7.000000e-06 3.200000e-06 1.000000e+00 0.000000e+00
7.333333e-06 3.200000e-06 1.000000e+00 0.000000e+00
7.666667e-06 3.200000e-06 1.000000e+00 0.000000e+00
8.000000e-06 3.200000e-06 1.000000e+00 0.000000e+00
8.333333e-06 3.200000e-06 1.000000e+00 0.000000e+00
8.666667e-06 3.200000e-06 1.000000e+00 0.000000e+00
9.000000e-06 3.200000e-06 1.000000e+00 0.000000e+00
9.333333e-06 3.200000e-06 1.000000e+00 0.000000e+00
9.666667e-06 3.200000e-06 1.000000e+00 0.000000e+00

0.000000e+00 3.600000e-06 1.000000e+00 0.000000e+00
3.333333e-07 3.600000e-06 1.000000e+00 0.000000e+00
6.666667e-07 3.600000e-06 1.000000e+00 0.000000e+00
1.000000e-06 3.600000e-06 1.000000e+00 0.000000e+00
1.333333e-06 3.600000e-06 1.000000e+00 0.000000e+00
1.666667e-06 3.600000e-06 1.000000e+00 0.000000e+00
2.000000e-06 3.600000e-06 1.000000e+00 0.000000e+00
2.333333e-06 3.600000e-06 1.000000e+00 0.000000e+00
2.666667e-06 3.600000e-06 1.000000e+00 0.000000e+00
3.000000e-06 3.600000e-06 1.000000e+00 0.000000e+00
3.333333e-06 3.600000e-06 1.000000e+00 0.000000e+00
3.666667e-06 3.600000e-06 1.000000e+00 0.000000e+00
4.000000e-06 3.600000e-06 1.000000e+00 0.000000e+00
4.333333e-06 3.600000e-06 1.000000e+00 0.000000e+00
4.666667e-06 3.600000e-06 1.000000e+00 0.000000e+00
5.000000e-06 3.600000e-06 1.000000e+00 0.000000e+00
5.333333e-06 3.600000e-06 1.000000e+00 0.000000e+00
5.666667e-06 3.600000e-06 1.000000e+00 0.000000e+00
6.000000e-06 3.600000e-06 1.000000e+00 0.000000e+00
6.333333e-06 3.600000e-06 1.000000e+00 0.000000e+00
6.666667e-06 3.600000e-06 1.000000e+00 0.000000e+00
7.000000e-06 3.600000e-06 1.000000e+00 0.000000e+00
7.333333e-06 3.600000e-06 1.000000e+00 0.000000e+00
7.666667e-06 3.600000e-06 1.000000e+00 0.000000e+00
8.000000e-06 3.600000e-06 1.000000e+00 0.000000e+00
8.333333e-06 3.600000e-06 1.000000e+00 0.000000e+00
8.666667e-06 3.600000e-06 1.000000e+00 0.000000e+00
9.000000e-06 3.600000e-06 1.000000e+00 0.000000e+00
9.333333e-06 3.600000e-06 1.000000e+00 0.000000e+00
9.666667e-06 3.600000e-06 1.000000e+00 0.000000e+00

0.000000e+00 4.000000e-06 1.000000e+00 0.000000e+00
3.333333e-07 4.000000e-06 1.000000e+00 0.000000e+00
6.666667e-07 4.000000e-06 1.000000e+00 0.000000e+00
1.000000e-06 4.000000e-06 1.000000e+00 0.000000e+00
1.333333e-06 4.000000e-06 1.000000e+00 0.000000e+00
1.666667e-06 4.000000e-06 1.000000e+00 0.000000e+00
2.000000e-06 4.000000e-06 1.000000e+00 0.000000e+00
2.333333e-06 4.000000e-06 1.000000e+00 0.000000e+00
2.666667e-06 4.000000e-06 1.000000e+00 0.000000e+00
3.000000e-06 4.000000e-06 1.000000e+00 0.000000e+00
3.333333e-06 4.000000e-06 1.000000e+00 0.000000e+00
3.666667e-06 4.000000e-06 1.000000e+00 0.000000e+00
4.000000e-06 4.000000e-06 1.000000e+00 0.000000e+00
4.333333e-06 4.000000e-06 1.000000e+00 0.000000e+00
4.666667e-06 4.000000e-06 1.000000e+00 0.000000e+00
5.000000e-06 4.000000e-06 1.000000e+00 0.000000e+00
5.333333e-06 4.000000e-06 1.000000e+00 0.000000e+00
5.666667e-06 4.000000e-06 1.000000e+00 0.000000e+00
6.000000e-06 4.000000e-06 1.000000e+00 0.000000e+00
6.333333e-06 4.000000e-06 1.000000e+00 0.000000e+00
6.666667e-06 4.000000e-06 1.000000e+00 0.000000e+00
7.000000e-06 4.000000e-06 1.000000e+00 0.000000e+00
7.333333e-06 4.000000e-06 1.000000e+00 0.000000e+00
7.666667e-06 4.000000e-06 1.000000e+00 0.000000e+00
8.000000e-06 4.000000e-06 1.000000e+00 0.000000e+00
8.333333e-06 4.000000e-06 1.000000e+00 0.000000e+00
8.666667e-06 4.000000e-06 1.000000e+00 0.000000e+00
9.000000e-06 4.000000e-06 1.000000e+00 0.000000e+00
9.333333e-06 4.000000e-06 1.000000e+00 0.000000e+00
9.666667e-06 4.000000e-06 1.000000e+00 0.000000e+00

0.000000e+00 4.400000e-06 1.000000e+00 0.000000e+00
3.333333e-07 4.400000e-06 1.000000e+00 0.000000e+00
6.666667e-07 4.400000e-06 1.000000e+00 0.000000e+00
1.000000e-06 4.400000e-06 1.000000e+00 0.000000e+00
1.333333e-06 4.400000e-06 1.000000e+00 0.000000e+00
1.666667e-06 4.400000e-06 1.000000e+00 0.000000e+00
2.000000e-06 4.400000e-06 1.000000e+00 0.000000e+00
2.333333e-06 4.400000e-06 1.000000e+00 0.000000e+00
2.666667e-06 4.400000e-06 1.000000e+00 0.000000e+00
3.000000e-06 4.400000e-06 1.000000e+00 0.000000e+00
3.333333e-06 4.400000e-06 1.000000e+00 0.000000e+00
3.666667e-06 4.400000e-06 1.000000e+00 0.000000e+00
4.000000e-06 4.400000e-06 1.000000e+00 0.000000e+00
4.333333e-06 4.400000e-06 1.000000e+00 0.000000e+00
4.666667e-06 4.400000e-06 1.000000e+00 0.000000e+00
5.000000e-06 4.400000e-06 1.000000e+00 0.000000e+00
5.333333e-06 4.400000e-06 1.000000e+00 0.000000e+00
5.666667e-06 4.400000e-06 1.000000e+00 0.000000e+00
6.000000e-06 4.400000e-06 1.000000e+00 0.000000e+00
6.333333e-06 4.400000e-06 1.000000e+00 0.000000e+00
6.666667e-06 4.400000e-06 1.000000e+00 0.000000e+00
7.000000e-06 4.400000e-06 1.000000e+00 0.000000e+00
7.333333e-06 4.400000e-06 1.000000e+00 0.000000e+00
7.666667e-06 4.400000e-06 1.000000e+00 0.000000e+00
8.000000e-06 4.400000e-06 1.000000e+00 0.000000e+00
8.333333e-06 4.400000e-06 1.000000e+00 0.000000e+00
8.666667e-06 4.400000e-06 1.000000e+00 0.000000e+00
9.000000e-06 4.400000e-06 1.000000e+00 0.000000e+00
9.333333e-06 4.400000e-06 1.000000e+00 0.000000e+00
9.666667e-06 4.400000e-06 1.000000e+00 0.000000e+00

0.000000e+00 4.800000e-06 1.000000e+00 0.000000e+00
3.333333e-07 4.800000e-06 1.000000e+00 0.000000e+00
6.666667e-07 4.800000e-06 1.000000e+00 0.000000e+00
1.000000e-06 4.800000e-06 1.000000e+00 0.000000e+00
1.333333e-06 4.800000e-06 1.000000e+00 0.000000e+00
1.666667e-06 4.800000e-06 1.000000e+00 0.000000e+00
2.000000e-06 4.800000e-06 1.000000e+00 0.000000e+00
2.333333e-06 4.800000e-06 1.000000e+00 0.000000e+00
2.666667e-06 4.800000e-06 1.000000e+00 0.000000e+00
3.000000e-06 4.800000e-06 1.000000e+00 0.000000e+00
3.333333e-06 4.800000e-06 1.000000e+00 0.000000e+00
3.666667e-06 4.800000e-06 1.000000e+00 0.000000e+00
4.000000e-06 4.800000e-06 1.000000e+00 0.000000e+00
4.333333e-06 4.800000e-06 1.000000e+00 0.000000e+00
4.666667e-06 4.800000e-06 1.000000e+00 0.000000e+00
5.000000e-06 4.800000e-06 1.000000e+00 0.000000e+00
5.333333e-06 4.800000e-06 1.000000e+00 0.000000e+00
5.666667e-06 4.800000e-06 1.000000e+00 0.000000e+00
6.000000e-06 4.800000e-06 1.000000e+00 0.000000e+00
6.333333e-06 4.800000e-06 1.000000e+00 0.000000e+00
6.666667e-06 4.800000e-06 1.000000e+00 0.000000e+00
7.000000e-06 4.800000e-06 1.000000e+00 0.000000e+00
7.333333e-06 4.800000e-06 1.000000e+00 0.000000e+00
7.666667e-06 4.800000e-06 1.000000e+00 0.000000e+00
8.000000e-06 4.800000e-06 1.000000e+00 0.000000e+00
8.333333e-06 4.800000e-06 1.000000e+00 0.000000e+00
8.666667e-06 4.800000e-06 1.000000e+00 0.000000e+00
9.000000e-06 4.800000e-06 1.000000e+00 0.000000e+00
9.333333e-06 4.800000e-06 1.000000e+00 0.000000e+00
9.666667e-06 4.800000e-06 1.000000e+00 0.000000e+00

0.000000e+00 5.200000e-06 1.000000e+00 0.000000e+00
3.333333e-07 5.200000e-06 1.000000e+00 0.000000e+00
6.666667e-07 5.200000e-06 1.000000e+00 0.000000e+00
1.000000e-06 5.200000e-06 1.000000e+00 0.000000e+00
1.333333e-06 5.200000e-06 1.000000e+00 0.000000e+00
1.666667e-06 5.200000e-06 1.000000e+00 0.000000e+00
2.000000e-06 5.200000e-06 1.000000e+00 0.000000e+00
2.333333e-06 5.200000e-06 1.000000e+00 0.000000e+00
2.666667e-06 5.200000e-06 1.000000e+00 0.000000e+00
3.000000e-06 5.200000e-06 1.000000e+00 0.000000e+00
3.333333e-06 5.200000e-06 1.000000e+00 0.000000e+00
3.666667e-06 5.200000e-06 1.000000e+00 0.000000e+00
4.000000e-06 5.200000e-06 1.000000e+00 0.000000e+00
4.333333e-06 5.200000e-06 1.000000e+00 0.000000e+00
4.666667e-06 5.200000e-06 1.000000e+00 0.000000e+00
5.000000e-06 5.200000e-06 1.000000e+00 0.000000e+00
5.333333e-06 5.200000e-06 1.000000e+00 0.000000e+00
5.666667e-06 5.200000e-06 1.000000e+00 0.000000e+00
6.000000e-06 5.200000e-06 1.000000e+00 0.000000e+00
6.333333e-06 5.200000e-06 1.000000e+00 0.000000e+00
6.666667e-06 5.200000e-06 1.000000e+00 0.000000e+00
7.000000e-06 5.200000e-06 1.000000e+00 0.000000e+00
7.333333e-06 5.200000e-06 1.000000e+00 0.000000e+00
7.666667e-06 5.200000e-06 1.000000e+00 0.000000e+00
8.000000e-06 5.200000e-06 1.000000e+00 0.000000e+00
8.333333e-06 5.200000e-06 1.000000e+00 0.000000e+00
8.666667e-06 5.200000e-06 1.000000e+00 0.000000e+00
9.000000e-06 5.200000e-06 1.000000e+00 0.000000e+00
9.333333e-06 5.200000e-06 1.000000e+00 0.000000e+00
9.666667e-06 5.200000e-06 1.000000e+00 0.000000e+00

0.000000e+00 5.600000e-06 1.000000e+00 0.000000e+00
3.333333e-07 5.600000e-06 1.000000e+00 0.000000e+00
6.666667e-07 5.600000e-06 1.000000e+00 0.000000e+00
1.000000e-06 5.600000e-06 1.000000e+00 0.000000e+00
1.333333e-06 5.600000e-06 1.000000e+00 0.000000e+00
1.666667e-06 5.600000e-06 1.000000e+00 0.000000e+00
2.000000e-06 5.600000e-06 1.000000e+00 0.000000e+00
2.333333e-06 5.600000e-06 1.000000e+00 0.000000e+00
2.666667e-06 5.600000e-06 1.000000e+00 0.000000e+00
3.000000e-06 5.600000e-06 1.000000e+00 0.000000e+00
3.333333e-06 5.600000e-06 1.000000e+00 0.000000e+00
3.666667e-06 5.600000e-06 1.000000e+00 0.000000e+00
4.000000e-06 5.600000e-06 1.000000e+00 0.000000e+00
4.333333e-06 5.600000e-06 1.000000e+00 0.000000e+00
4.666667e-06 5.600000e-06 2.234000e+00 0.000000e+00
5.000000e-06 5.600000e-06 2.234000e+00 0.000000e+00
5.333333e-06 5.600000e-06 2.234000e+00 0.000000e+00
5.666667e-06 5.600000e-06 1.000000e+00 0.000000e+00
6.000000e-06 5.600000e-06 1.000000e+00 0.000000e+00
6.333333e-06 5.600000e-06 1.000000e+00 0.000000e+00
6.666667e-06 5.600000e-06 1.000000e+00 0.000000e+00
7.000000e-06 5.600000e-06 1.000000e+00 0.000000e+00
7.333333e-06 5.600000e-06 1.000000e+00 0.000000e+00
7.666667e-06 5.600000e-06 1.000000e+00 0.000000e+00
8.000000e-06 5.600000e-06 1.000000e+00 0.000000e+00
8.333333e-06 5.600000e-06 1.000000e+00 0.000000e+00
8.666667e-06 5.600000e-06 1.000000e+00 0.000000e+00
9.000000e-06 5.600000e-06 1.000000e+00 0.000000e+00
9.333333e-06 5.600000e-06 1.000000e+00 0.000000e+00
9.666667e-06 5.600000e-06 1.000000e+00 0.000000e+00

0.000000e+00 6.000000e-06 1.000000e+00 0.000000e+00
3.333333e-07 6.000000e-06 1.000000e+00 0.000000e+00
6.666667e-07 6.000000e-06 1.000000e+00 0.000000e+00
1.000000e-06 6.000000e-06 1.000000e+00 0.000000e+00
1.333333e-06 6.000000e-06 1.000000e+00 0.000000e+00
1.666667e-06 6.000000e-06 1.000000e+00 0.000000e+00
2.000000e-06 6.000000e-06 1.000000e+00 0.000000e+00
2.333333e-06 6.000000e-06 1.000000e+00 0.000000e+00
2.666667e-06 6.000000e-06 1.000000e+00 0.000000e+00
3.000000e-06 6.000000e-06 1.000000e+00 0.000000e+00
3.333333e-06 6.000000e-06 1.000000e+00 0.000000e+00
3.666667e-06 6.000000e-06 1.000000e+00 0.000000e+00
4.000000e-06 6.000000e-06 1.000000e+00 0.000000e+00
4.333333e-06 6.000000e-06 1.000000e+00 0.000000e+00
4.666667e-06 6.000000e-06 2.234000e+00 0.000000e+00
5.000000e-06 6.000000e-06 2.234000e+00 0.000000e+00
5.333333e-06 6.000000e-06 2.234000e+00 0.000000e+00
5.666667e-06 6.000000e-06 1.000000e+00 0.000000e+00
6.000000e-06 6.000000e-06 1.000000e+00 0.000000e+00
6.333333e-06 6.000000e-06 1.000000e+00 0.000000e+00
6.666667e-06 6.000000e-06 1.000000e+00 0.000000e+00
7.000000e-06 6.000000e-06 1.000000e+00 0.000000e+00
7.333333e-06 6.000000e-06 1.000000e+00 0.000000e+00
7.666667e-06 6.000000e-06 1.000000e+00 0.000000e+00
8.000000e-06 6.000000e-06 1.000000e+00 0.000000e+00
8.333333e-06 6.000000e-06 1.000000e+00 0.000000e+00
8.666667e-06 6.000000e-06 1.000000e+00 0.000000e+00
9.000000e-06 6.000000e-06 1.000000e+00 0.000000e+00
9.333333e-06 6.000000e-06 1.000000e+00 0.000000e+00
9.666667e-06 6.000000e-06 1.000000e+00 0.000000e+00

0.000000e+00 6.400000e-06 1.000000e+00 0.000000e+00
3.333333e-07 6.400000e-06 1.000000e+00 0.000000e+00
6.666667e-07 6.400000e-06 1.000000e+00 0.000000e+00
1.000000e-06 6.400000e-06 1.000000e+00 0.000000e+00
1.333333e-06 6.400000e-06 1.000000e+00 0.000000e+00
1.666667e-06 6.400000e-06 1.000000e+00 0.000000e+00
2.000000e-06 6.400000e-06 1.000000e+00 0.000000e+00
2.333333e-06 6.400000e-06 1.000000e+00 0.000000e+00
2.666667e-06 6.400000e-06 1.000000e+00 0.000000e+00
3.000000e-06 6.400000e-06 1.000000e+00 0.000000e+00
3.333333e-06 6.400000e-06 1.000000e+00 0.000000e+00
3.666667e-06 6.400000e-06 1.000000e+00 0.000000e+00
4.000000e-06 6.400000e-06 1.000000e+00 0.000000e+00
4.333333e-06 6.400000e-06 1.000000e+00 0.000000e+00
4.666667e-06 6.400000e-06 2.234000e+00 0.000000e+00
5.000000e-06 6.400000e-06 2.234000e+00 0.000000e+00
5.333333e-06 6.400000e-06 2.234000e+00 0.000000e+00
5.666667e-06 6.400000e-06 1.000000e+00 0.000000e+00
6.000000e-06 6.400000e-06 1.000000e+00 0.000000e+00
6.333333e-06 6.400000e-06 1.000000e+00 0.000000e+00
6.666667e-06 6.400000e-06 1.000000e+00 0.000000e+00
7.000000e-06 6.400000e-06 1.000000e+00 0.000000e+00
7.333333e-06 6.400000e-06 1.000000e+00 0.000000e+00
7.666667e-06 6.400000e-06 1.000000e+00 0.000000e+00
8.000000e-06 6.400000e-06 1.000000e+00 0.000000e+00
8.333333e-06 6.400000e-06 1.000000e+00 0.000000e+00
8.666667e-06 6.400000e-06 1.000000e+00 0.000000e+00
9.000000e-06 6.400000e-06 1.000000e+00 0.000000e+00
9.333333e-06 6.400000e-06 1.000000e+00 0.000000e+00
9.666667e-06 6.400000e-06 1.000000e+00 0.000000e+00

0.000000e+00 6.800000e-06 2.234000e+00 0.000000e+00
3.333333e-07 6.800000e-06 2.234000e+00 0.000000e+00
6.666667e-07 6.800000e-06 2.234000e+00 0.000000e+00
1.000000e-06 6.800000e-06 2.234000e+00 0.000000e+00
1.333333e-06 6.800000e-06 2.234000e+00 0.000000e+00
1.666667e-06 6.800000e-06 2.234000e+00 0.000000e+00
2.000000e-06 6.800000e-06 2.234000e+00 0.000000e+00
2.333333e-06 6.800000e-06 2.234000e+00 0.000000e+00
2.666667e-06 6.800000e-06 2.234000e+00 0.000000e+00
3.000000e-06 6.800000e-06 2.234000e+00 0.000000e+00
3.333333e-06 6.800000e-06 2.234000e+00 0.000000e+00
3.666667e-06 6.800000e-06 2.234000e+00 0.000000e+00
4.000000e-06 6.800000e-06 2.234000e+00 0.000000e+00
4.333333e-06 6.800000e-06 2.234000e+00 0.000000e+00
4.666667e-06 6.800000e-06 2.234000e+00 0.000000e+00
5.000000e-06 6.800000e-06 2.234000e+00 0.000000e+00
5.333333e-06 6.800000e-06 2.234000e+00 0.000000e+00
5.666667e-06 6.800000e-06 2.234000e+00 0.000000e+00
6.000000e-06 6.800000e-06 2.234000e+00 0.000000e+00
6.333333e-06 6.800000e-06 2.234000e+00 0.000000e+00
6.666667e-06 6.800000e-06 2.234000e+00 0.000000e+00
7.000000e-06 6.800000e-06 2.234000e+00 0.000000e+00
7.333333e-06 6.800000e-06 2.234000e+00 0.000000e+00
7.666667e-06 6.800000e-06 2.234000e+00 0.000000e+00
8.000000e-06 6.800000e-06 2.234000e+00 0.000000e+00
8.333333e-06 6.800000e-06 2.234000e+00 0.000000e+00
8.666667e-06 6.800000e-06 2.234000e+00 0.000000e+00
9.000000e-06 6.800000e-06 2.234000e+00 0.000000e+00
9.333333e-06 6.800000e-06 2.234000e+00 0.000000e+00
9.666667e-06 6.800000e-06 2.234000e+00 0.000000e+00

0.000000e+00 7.200000e-06 2.234000e+00 0.000000e+00
3.333333e-07 7.200000e-06 2.234000e+00 0.000000e+00
6.666667e-07 7.200000e-06 2.234000e+00 0.000000e+00
1.000000e-06 7.200000e-06 2.234000e+00 0.000000e+00
1.333333e-06 7.200000e-06 2.234000e+00 0.000000e+00
1.666667e-06 7.200000e-06 2.234000e+00 0.000000e+00
2.000000e-06 7.200000e-06 2.234000e+00 0.000000e+00
2.333333e-06 7.200000e-06 2.234000e+00 0.000000e+00
2.666667e-06 7.200000e-06 2.234000e+00 0.000000e+00
3.000000e-06 7.200000e-06 2.234000e+00 0.000000e+00
3.333333e-06 7.200000e-06 2.234000e+00 0.000000e+00
3.666667e-06 7.200000e-06 2.234000e+00 0.000000e+00
4.000000e-06 7.200000e-06 2.234000e+00 0.000000e+00
4.333333e-06 7.200000e-06 2.234000e+00 0.000000e+00
4.666667e-06 7.200000e-06 2.234000e+00 0.000000e+00
5.000000e-06 7.200000e-06 2.234000e+00 0.000000e+00
5.333333e-06 7.200000e-06 2.234000e+00 0.000000e+00
5.666667e-06 7.200000e-06 2.234000e+00 0.000000e+00
6.000000e-06 7.200000e-06 2.234000e+00 0.000000e+00
6.333333e-06 7.200000e-06 2.234000e+00 0.000000e+00
6.666667e-06 7.200000e-06 2.234000e+00 0.000000e+00
7.000000e-06 7.200000e-06 2.234000e+00 0.000000e+00
7.333333e-06 7.200000e-06 2.234000e+00 0.000000e+00
7.666667e-06 7.200000e-06 2.234000e+00 0.000000e+00
8.000000e-06 7.200000e-06 2.234000e+00 0.000000e+00
8.333333e-06 7.200000e-06 2.234000e+00 0.000000e+00
8.666667e-06 7.200000e-06 2.234000e+00 0.000000e+00
9.000000e-06 7.200000e-06 2.234000e+00 0.000000e+00
9.333333e-06 7.200000e-06 2.234000e+00 0.000000e+00
9.666667e-06 7.200000e-06 2.234000e+00 0.000000e+00

0.000000e+00 7.600000e-06 2.234000e+00 0.000000e+00
3.333333e-07 7.600000e-06 2.234000e+00 0.000000e+00
6.666667e-07 7.600000e-06 2.234000e+00 0.000000e+00
1.000000e-06 7.600000e-06 2.234000e+00 0.000000e+00
1.333333e-06 7.600000e-06 2.234000e+00 0.000000e+00
1.666667e-06 7.600000e-06 2.234000e+00 0.000000e+00
2.000000e-06 7.600000e-06 2.234000e+00 0.000000e+00
2.333333e-06 7.600000e-06 2.234000e+00 0.000000e+00
2.666667e-06 7.600000e-06 2.234000e+00 0.000000e+00
3.000000e-06 7.600000e-06 2.234000e+00 0.000000e+00
3.333333e-06 7.600000e-06 2.234000e+00 0.000000e+00
3.666667e-06 7.600000e-06 2.234000e+00 0.000000e+00
4.000000e-06 7.600000e-06 2.234000e+00 0.000000e+00
4.333333e-06 7.600000e-06 2.234000e+00 0.000000e+00
4.666667e-06 7.600000e-06 2.234000e+00 0.000000e+00
5.000000e-06 7.600000e-06 2.234000e+00 0.000000e+00
5.333333e-06 7.600000e-06 2.234000e+00 0.000000e+00
5.666667e-06 7.600000e-06 2.234000e+00 0.000000e+00
6.000000e-06 7.600000e-06 2.234000e+00 0.000000e+00
6.333333e-06 7.600000e-06 2.234000e+00 0.000000e+00
6.666667e-06 7.600000e-06 2.234000e+00 0.000000e+00
7.000000e-06 7.600000e-06 2.234000e+00 0.000000e+00
7.333333e-06 7.600000e-06 2.234000e+00 0.000000e+00
7.666667e-06 7.600000e-06 2.234000e+00 0.000000e+00
8.000000e-06 7.600000e-06 2.234000e+00 0.000000e+00
8.333333e-06 7.600000e-06 2.234000e+00 0.000000e+00
8.666667e-06 7.600000e-06 2.234000e+00 0.000000e+00
9.000000e-06 7.600000e-06 2.234000e+00 0.000000e+00
9.333333e-06 7.600000e-06 2.234000e+00 0.000000e+00
9.666667e-06 7.600000e-06 2.234000e+00 0.000000e+00

0.000000e+00 8.000000e-06 1.000000e+00 0.000000e+00
3.333333e-07 8.000000e-06 1.000000e+00 0.000000e+00
6.666667e-07 8.000000e-06 1.000000e+00 0.000000e+00
1.000000e-06 8.000000e-06 1.000000e+00 0.000000e+00
1.333333e-06 8.000000e-06 1.000000e+00 0.000000e+00
1.666667e-06 8.000000e-06 1.000000e+00 0.000000e+00
2.000000e-06 8.000000e-06 1.000000e+00 0.000000e+00
2.333333e-06 8.000000e-06 1.000000e+00 0.000000e+00
2.666667e-06 8.000000e-06 1.000000e+00 0.000000e+00
3.000000e-06 8.000000e-06 1.000000e+00 0.000000e+00
3.333333e-06 8.000000e-06 1.000000e+00 0.000000e+00
3.666667e-06 8.000000e-06 1.000000e+00 0.000000e+00
4.000000e-06 8.000000e-06 1.000000e+00 0.000000e+00
4.333333e-06 8.000000e-06 1.000000e+00 0.000000e+00
4.666667e-06 8.000000e-06 1.000000e+00 0.000000e+00
5.000000e-06 8.000000e-06 1.000000e+00 0.000000e+00
5.333333e-06 8.000000e-06 1.000000e+00 0.000000e+00
5.666667e-06 8.000000e-06 1.000000e+00 0.000000e+00
6.000000e-06 8.000000e-06 1.000000e+00 0.000000e+00
6.333333e-06 8.000000e-06 1.000000e+00 0.000000e+00
6.666667e-06 8.000000e-06 1.000000e+00 0.000000e+00
7.000000e-06 8.000000e-06 1.000000e+00 0.000000e+00
7.333333e-06 8.000000e-06 1.000000e+00 0.000000e+00
7.666667e-06 8.000000e-06 1.000000e+00 0.000000e+00
8.000000e-06 8.000000e-06 1.000000e+00 0.000000e+00
8.333333e-06 8.000000e-06 1.000000e+00 0.000000e+00
8.666667e-06 8.000000e-06 1.000000e+00 0.000000e+00
9.000000e-06 8.000000e-06 1.000000e+00 0.000000e+00
9.333333e-06 8.000000e-06 1.000000e+00 0.000000e+00
9.666667e-06 8.000000e-06 1.000000e+00 0.000000e+00

0.000000e+00 8.400000e-06 1.000000e+00 0.000000e+00
3.333333e-07 8.400000e-06 1.000000e+00 0.000000e+00
6.666667e-07 8.400000e-06 1.000000e+00 0.000000e+00
1.000000e-06 8.400000e-06 1.000000e+00 0.000000e+00
1.333333e-06 8.400000e-06 1.000000e+00 0.000000e+00
1.666667e-06 8.400000e-06 1.000000e+00 0.000000e+00
2.000000e-06 8.400000e-06 1.000000e+00 0.000000e+00
2.333333e-06 8.400000e-06 1.000000e+00 0.000000e+00
2.666667e-06 8.400000e-06 1.000000e+00 0.000000e+00
3.000000e-06 8.400000e-06 1.000000e+00 0.000000e+00
3.333333e-06 8.400000e-06 1.000000e+00 0.000000e+00
3.666667e-06 8.400000e-06 1.000000e+00 0.000000e+00
4.000000e-06 8.400000e-06 1.000000e+00 0.000000e+00
4.333333e-06 8.400000e-06 1.000000e+00 0.000000e+00
4.666667e-06 8.400000e-06 1.000000e+00 0.000000e+00
5.000000e-06 8.400000e-06 1.000000e+00 0.000000e+00
5.333333e-06 8.400000e-06 1.000000e+00 0.000000e+00
5.666667e-06 8.400000e-06 1.000000e+00 0.000000e+00
6.000000e-06 8.400000e-06 1.000000e+00 0.000000e+00
6.333333e-06 8.400000e-06 1.000000e+00 0.000000e+00
6.666667e-06 8.400000e-06 1.000000e+00 0.000000e+00
7.000000e-06 8.400000e-06 1.000000e+00 0.000000e+00
7.333333e-06 8.400000e-06 1.000000e+00 0.000000e+00
7.666667e-06 8.400000e-06 1.000000e+00 0.000000e+00
8.000000e-06 8.400000e-06 1.000000e+00 0.000000e+00
8.333333e-06 8.400000e-06 1.000000e+00 0.000000e+00
8.666667e-06 8.400000e-06 1.000000e+00 0.000000e+00
9.000000e-06 8.400000e-06 1.000000e+00 0.000000e+00
9.333333e-06 8.400000e-06 1.000000e+00 0.000000e+00
9.666667e-06 8.400000e-06 1.000000e+00 0.000000e+00

0.000000e+00 8.800000e-06 1.000000e+00 0.000000e+00
3.333333e-07 8.800000e-06 1.000000e+00 0.000000e+00
6.666667e-07 8.800000e-06 1.000000e+00 0.000000e+00
1.000000e-06 8.800000e-06 1.000000e+00 0.000000e+00
1.333333e-06 8.800000e-06 1.000000e+00 0.000000e+00
1.666667e-06 8.800000e-06 1.000000e+00 0.000000e+00
2.000000e-06 8.800000e-06 1.000000e+00 0.000000e+00
2.333333e-06 8.800000e-06 1.000000e+00 0.000000e+00
2.666667e-06 8.800000e-06 1.000000e+00 0.000000e+00
3.000000e-06 8.800000e-06 1.000000e+00 0.000000e+00
3.333333e-06 8.800000e-06 1.000000e+00 0.000000e+00
3.666667e-06 8.800000e-06 1.000000e+00 0.000000e+00
4.000000e-06 8.800000e-06 1.000000e+00 0.000000e+00
4.333333e-06 8.800000e-06 1.000000e+00 0.000000e+00
4.666667e-06 8.800000e-06 1.000000e+00 0.000000e+00
5.000000e-06 8.800000e-06 1.000000e+00 0.000000e+00
5.333333e-06 8.800000e-06 1.000000e+00 0.000000e+00
5.666667e-06 8.800000e-06 1.000000e+00 0.000000e+00
6.000000e-06 8.800000e-06 1.000000e+00 0.000000e+00
6.333333e-06 8.800000e-06 1.000000e+00 0.000000e+00
6.666667e-06 8.800000e-06 1.000000e+00 0.000000e+00
7.000000e-06 8.800000e-06 1.000000e+00 0.000000e+00
7.333333e-06 8.800000e-06 1.000000e+00 0.000000e+00
7.666667e-06 8.800000e-06 1.000000e+00 0.000000e+00
8.000000e-06 8.800000e-06 1.000000e+00 0.000000e+00
8.333333e-06 8.800000e-06 1.000000e+00 0.000000e+00
8.666667e-06 8.800000e-06 1.000000e+00 0.000000e+00
9.000000e-06 8.800000e-06 1.000000e+00 0.000000e+00
9.333333e-06 8.800000e-06 1.000000e+00 0.000000e+00
9.666667e-06 8.800000e-06 1.000000e+00 0.000000e+00

0.000000e+00 9.200000e-06 1.000000e+00 0.000000e+00
3.333333e-07 9.200000e-06 1.000000e+00 0.000000e+00
6.666667e-07 9.200000e-06 1.000000e+00 0.000000e+00
1.000000e-06 9.200000e-06 1.000000e+00 0.000000e+00
1.333333e-06 9.200000e-06 1.000000e+00 0.000000e+00
1.666667e-06 9.200000e-06 1.000000e+00 0.000000e+00
2.000000e-06 9.200000e-06 1.000000e+00 0.000000e+00
2.333333e-06 9.200000e-06 1.000000e+00 0.000000e+00
2.666667e-06 9.200000e-06 1.000000e+00 0.000000e+00
3.000000e-06 9.200000e-06 1.000000e+00 0.000000e+00
3.333333e-06 9.200000e-06 1.000000e+00 0.000000e+00
3.666667e-06 9.200000e-06 1.000000e+00 0.000000e+00
4.000000e-06 9.200000e-06 1.000000e+00 0.000000e+00
4.333333e-06 9.200000e-06 1.000000e+00 0.000000e+00
4.666667e-06 9.200000e-06 1.000000e+00 0.000000e+00
5.000000e-06 9.200000e-06 1.000000e+00 0.000000e+00
5.333333e-06 9.200000e-06 1.000000e+00 0.000000e+00
5.666667e-06 9.200000e-06 1.000000e+00 0.000000e+00
6.000000e-06 9.200000e-06 1.000000e+00 0.000000e+00
6.333333e-06 9.200000e-06 1.000000e+00 0.000000e+00
6.666667e-06 9.200000e-06 1.000000e+00 0.000000e+00
7.000000e-06 9.200000e-06 1.000000e+00 0.000000e+00
7.333333e-06 9.200000e-06 1.000000e+00 0.000000e+00
7.666667e-06 9.200000e-06 1.000000e+00 0.000000e+00
8.000000e-06 9.200000e-06 1.000000e+00 0.000000e+00
8.333333e-06 9.200000e-06 1.000000e+00 0.000000e+00
8.666667e-06 9.200000e-06 1.000000e+00 0.000000e+00
9.000000e-06 9.200000e-06 1.000000e+00 0.000000e+00
9.333333e-06 9.200000e-06 1.000000e+00 0.000000e+00
9.666667e-06 9.200000e-06 1.000000e+00 0.000000e+00

0.000000e+00 9.600000e-06 1.000000e+00 0.000000e+00
3.333333e-07 9.600000e-06 1.000000e+00 0.000000e+00
6.666667e-07 9.600000e-06 1.000000e+00 0.000000e+00
1.000000e-06 9.600000e-06 1.000000e+00 0.000000e+00
1.333333e-06 9.600000e-06 1.000000e+00 0.000000e+00
1.666667e-06 9.600000e-06 1.000000e+00 0.000000e+00
2.000000e-06 9.600000e-06 1.000000e+00 0.000000e+00
2.333333e-06 9.600000e-06 1.000000e+00 0.000000e+00
2.666667e-06 9.600000e-06 1.000000e+00 0.000000e+00
3.000000e-06 9.600000e-06 1.000000e+00 0.000000e+00
3.333333e-06 9.600000e-06 1.000000e+00 0.000000e+00
3.666667e-06 9.600000e-06 1.000000e+00 0.000000e+00
4.000000e-06 9.600000e-06 1.000000e+00 0.000000e+00
4.333333e-06 9.600000e-06 1.000000e+00 0.000000e+00
4.666667e-06 9.600000e-06 1.000000e+00 0.000000e+00
5.000000e-06 9.600000e-06 1.000000e+00 0.000000e+00
5.333333e-06 9.600000e-06 1.000000e+00 0.000000e+00
5.666667e-06 9.600000e-06 1.000000e+00 0.000000e+00
6.000000e-06 9.600000e-06 1.000000e+00 0.000000e+00
6.333333e-06 9.600000e-06 1.000000e+00 0.000000e+00
6.666667e-06 9.600000e-06 1.000000e+00 0.000000e+00
7.000000e-06 9.600000e-06 1.000000e+00 0.000000e+00
7.333333e-06 9.600000e-06 1.000000e+00 0.000000e+00
7.666667e-06 9.600000e-06 1.000000e+00 0.000000e+00
8.000000e-06 9.600000e-06 1.000000e+00 0.000000e+00
8.333333e-06 9.600000e-06 1.000000e+00 0.000000e+00
8.666667e-06 9.600000e-06 1.000000e+00 0.000000e+00
9.000000e-06 9.600000e-06 1.000000e+00 0.000000e+00
9.333333e-06 9.600000e-06 1.000000e+00 0.000000e+00
9.666667e-06 9.600000e-06 1.000000e+00 0.000000e+00

